[SMA]
Date=2026-01-07
D5=100.0075
D5Next=100.06
D10=100.02777777778
D10Next=100.02875
D20=100.00631578947
D20Next=100.00111111111
DBOLLUP=100.3355006875
DBOLLUPNext=100.41032595726
DBOLLDN=99.677130891452
DBOLLDNNext=99.591896264958
W5=99.885
W5Next=99.91
W10=100.11444444444
W10Next=100.10375
W20=100.24947368421
W20Next=100.29333333333
WBOLLUP=101.20055723795
WBOLLUPNext=101.36095790335
WBOLLDN=99.298390130472
WBOLLDNNext=99.225708763314
M5=100.3725
M5Next=100.41333333333
M10=99.543333333333
M10Next=99.60875
M20=94.032105263158
M20Next=99.256111111111
MBOLLUP=145.27750869461
MBOLLUPNext=102.39648814284
MBOLLDN=42.786701831703
MBOLLDNNext=96.115734079381
