[SMA]
Date=2026-01-03
D5=33.225
D5Next=33.3
D10=32.988888888889
D10Next=33.05
D20=32.494736842105
D20Next=32.55
DBOLLUP=33.791369315497
DBOLLUPNext=34.032490397201
DBOLLDN=31.198104368714
DBOLLDNNext=31.067509602799
W5=32.8125
W5Next=33.05
W10=24.983333333333
W10Next=28.10625
W20=11.834210526316
W20Next=12.491666666667
WBOLLUP=47.640317084434
WBOLLUPNext=56.81157064771
WBOLLDN=-23.971896031803
WBOLLDNNext=-31.828237314377
M5=16.0875
M5Next=21.45
M10=7.15
M10Next=8.04375
M20=3.3868421052632
M20Next=3.575
MBOLLUP=26.202159893139
MBOLLUPNext=32.189768913972
MBOLLDN=-19.428475682613
MBOLLDNNext=-25.039768913972
