[SMA]
Date=2026-01-13
D5=1014.63
D5Next=1019.32
D10=1004.1933333333
D10Next=1007.065
D20=1002.7336842105
D20Next=1003.9988888889
DBOLLUP=1036.4027795919
DBOLLUPNext=1043.3888164099
DBOLLDN=969.06458882911
DBOLLDNNext=964.60896136789
W5=997.025
W5Next=1002.62
W10=973.09777777778
W10Next=974.48
W20=707.10842105263
W20Next=746.39222222222
WBOLLUP=1685.0446299653
WBOLLUPNext=1877.6156556018
WBOLLDN=-270.82778786005
WBOLLDNNext=-384.83121115739
M5=930.61
M5Next=950.04666666667
M10=413.60444444444
M10Next=465.305
M20=195.91789473684
M20Next=206.80222222222
MBOLLUP=1073.132088863
MBOLLUPNext=1302.4186167106
MBOLLDN=-681.29629938929
MBOLLDNNext=-888.81417226611
