[SMA]
Date=2026-01-12
D5=19326.75
D5Next=19233.333333333
D10=18652.444444444
D10Next=18708.375
D20=17353.473684211
D20Next=17495.722222222
DBOLLUP=21183.972849588
DBOLLUPNext=21985.281943824
DBOLLDN=13522.974518833
DBOLLDNNext=13006.162500621
W5=17268.5
W5Next=17899.333333333
W10=14937.222222222
W10Next=15257.5
W20=10106.473684211
W20Next=10667.944444444
WBOLLUP=24928.109029613
WBOLLUPNext=27985.858290382
WBOLLDN=-4715.1616611924
WBOLLDNNext=-6649.9694014929
M5=13040
M5Next=13747.333333333
M10=5795.5555555556
M10Next=6520
M20=2745.2631578947
M20Next=2897.7777777778
MBOLLUP=15287.450590539
MBOLLUPNext=18567.268602819
MBOLLDN=-9796.924274749
MBOLLDNNext=-12771.713047263
