[SMA]
Date=2026-01-12
D5=2787.25
D5Next=2786
D10=2775.5555555556
D10Next=2775.75
D20=2764.0526315789
D20Next=2764.3888888889
DBOLLUP=2809.1799675771
DBOLLUPNext=2821.021340433
DBOLLDN=2718.9252955808
DBOLLDNNext=2707.7564373447
W5=2765
W5Next=2775
W10=2844.4444444444
W10Next=2813.5
W20=2126.4210526316
W20Next=2244.5555555556
WBOLLUP=5070.2381060423
WBOLLUPNext=5650.4305088577
WBOLLDN=-817.39600077918
WBOLLDNNext=-1161.3193977466
M5=2885.75
M5Next=2871.6666666667
M10=1282.5555555556
M10Next=1442.875
M20=607.52631578947
M20Next=641.27777777778
MBOLLUP=3326.554766469
MBOLLUPNext=4037.2480440467
MBOLLDN=-2111.5021348901
MBOLLDNNext=-2754.6924884912
