[SMA]
Date=2026-01-09
D5=3572.555225
D5Next=4763.4069666667
D10=1587.8023222222
D10Next=1786.2776125
D20=752.11688947368
D20Next=793.90116111111
DBOLLUP=4763.4165149045
DBOLLUPNext=5814.9850511095
DBOLLDN=-3259.1827359572
DBOLLDNNext=-4227.1827288873
W5=1189.730525
W5Next=1586.3073666667
W10=528.76912222222
W10Next=594.8652625
W20=250.46958421053
W20Next=264.38456111111
WBOLLUP=2704.5602938219
WBOLLUPNext=3347.6118762685
WBOLLDN=-2203.6211254009
WBOLLDNNext=-2818.8427540462
M5=0
M10=0
M20=0
MBOLLUP=0
MBOLLDN=0
