[SMA]
Date=2026-01-06
D5=0.6495
D5Next=0.866
D10=0.28866666666667
D10Next=0.32475
D20=0.13673684210526
D20Next=0.14433333333333
DBOLLUP=1.4764788108949
DBOLLUPNext=1.827534780312
DBOLLDN=-1.2030051266844
DBOLLDNNext=-1.5388681136453
W5=0
W10=0
W20=0
WBOLLUP=0
WBOLLDN=0
M5=0
M10=0
M20=0
MBOLLUP=0
MBOLLDN=0
