[SMA]
Date=
D5=6256.6725
D5Next=8342.23
D10=2780.7433333333
D10Next=3128.33625
D20=1317.1942105263
D20Next=1390.3716666667
DBOLLUP=14223.009042277
DBOLLUPNext=17604.752275245
DBOLLDN=-11588.620621224
DBOLLDNNext=-14824.008941912
W5=0
W10=0
W20=0
WBOLLUP=0
WBOLLDN=0
M5=0
M10=0
M20=0
MBOLLUP=0
MBOLLDN=0
